{
 "cells": [
  {
   "cell_type": "code",
   "execution_count": 12,
   "metadata": {},
   "outputs": [],
   "source": [
    "import pandas as pd\n",
    "import os"
   ]
  },
  {
   "cell_type": "code",
   "execution_count": 13,
   "metadata": {},
   "outputs": [],
   "source": [
    "province = 'krabi'"
   ]
  },
  {
   "cell_type": "code",
   "execution_count": 14,
   "metadata": {},
   "outputs": [
    {
     "data": {
      "text/html": [
       "<div>\n",
       "<style scoped>\n",
       "    .dataframe tbody tr th:only-of-type {\n",
       "        vertical-align: middle;\n",
       "    }\n",
       "\n",
       "    .dataframe tbody tr th {\n",
       "        vertical-align: top;\n",
       "    }\n",
       "\n",
       "    .dataframe thead th {\n",
       "        text-align: right;\n",
       "    }\n",
       "</style>\n",
       "<table border=\"1\" class=\"dataframe\">\n",
       "  <thead>\n",
       "    <tr style=\"text-align: right;\">\n",
       "      <th></th>\n",
       "      <th>addrcode</th>\n",
       "      <th>bin</th>\n",
       "      <th>bowl</th>\n",
       "      <th>bucket</th>\n",
       "      <th>misc_short</th>\n",
       "      <th>jar</th>\n",
       "      <th>pottedplant</th>\n",
       "      <th>tire</th>\n",
       "      <th>misc_tall</th>\n",
       "    </tr>\n",
       "  </thead>\n",
       "  <tbody>\n",
       "    <tr>\n",
       "      <th>0</th>\n",
       "      <td>8101</td>\n",
       "      <td>103</td>\n",
       "      <td>18</td>\n",
       "      <td>1199</td>\n",
       "      <td>22</td>\n",
       "      <td>83</td>\n",
       "      <td>893</td>\n",
       "      <td>272</td>\n",
       "      <td>7</td>\n",
       "    </tr>\n",
       "    <tr>\n",
       "      <th>1</th>\n",
       "      <td>8102</td>\n",
       "      <td>280</td>\n",
       "      <td>4</td>\n",
       "      <td>1598</td>\n",
       "      <td>24</td>\n",
       "      <td>146</td>\n",
       "      <td>1022</td>\n",
       "      <td>291</td>\n",
       "      <td>2</td>\n",
       "    </tr>\n",
       "    <tr>\n",
       "      <th>2</th>\n",
       "      <td>8103</td>\n",
       "      <td>47</td>\n",
       "      <td>9</td>\n",
       "      <td>905</td>\n",
       "      <td>21</td>\n",
       "      <td>25</td>\n",
       "      <td>365</td>\n",
       "      <td>97</td>\n",
       "      <td>2</td>\n",
       "    </tr>\n",
       "    <tr>\n",
       "      <th>3</th>\n",
       "      <td>8104</td>\n",
       "      <td>312</td>\n",
       "      <td>26</td>\n",
       "      <td>2873</td>\n",
       "      <td>44</td>\n",
       "      <td>135</td>\n",
       "      <td>1375</td>\n",
       "      <td>567</td>\n",
       "      <td>7</td>\n",
       "    </tr>\n",
       "    <tr>\n",
       "      <th>4</th>\n",
       "      <td>8105</td>\n",
       "      <td>609</td>\n",
       "      <td>19</td>\n",
       "      <td>2699</td>\n",
       "      <td>47</td>\n",
       "      <td>174</td>\n",
       "      <td>1491</td>\n",
       "      <td>541</td>\n",
       "      <td>7</td>\n",
       "    </tr>\n",
       "  </tbody>\n",
       "</table>\n",
       "</div>"
      ],
      "text/plain": [
       "   addrcode  bin  bowl  bucket  misc_short  jar  pottedplant  tire  misc_tall\n",
       "0      8101  103    18    1199          22   83          893   272          7\n",
       "1      8102  280     4    1598          24  146         1022   291          2\n",
       "2      8103   47     9     905          21   25          365    97          2\n",
       "3      8104  312    26    2873          44  135         1375   567          7\n",
       "4      8105  609    19    2699          47  174         1491   541          7"
      ]
     },
     "execution_count": 14,
     "metadata": {},
     "output_type": "execute_result"
    }
   ],
   "source": [
    "df_cc = pd.read_csv(os.path.join('Data','Container Density','District Level','container_'+ province +'_dist.csv'), index_col = 0)\n",
    "df_cc = df_cc.drop('total',axis = 1)\n",
    "df_cc.head()"
   ]
  },
  {
   "cell_type": "code",
   "execution_count": 15,
   "metadata": {},
   "outputs": [],
   "source": [
    "corr = df_cc.corr()"
   ]
  },
  {
   "cell_type": "code",
   "execution_count": 16,
   "metadata": {},
   "outputs": [
    {
     "data": {
      "text/html": [
       "<div>\n",
       "<style scoped>\n",
       "    .dataframe tbody tr th:only-of-type {\n",
       "        vertical-align: middle;\n",
       "    }\n",
       "\n",
       "    .dataframe tbody tr th {\n",
       "        vertical-align: top;\n",
       "    }\n",
       "\n",
       "    .dataframe thead th {\n",
       "        text-align: right;\n",
       "    }\n",
       "</style>\n",
       "<table border=\"1\" class=\"dataframe\">\n",
       "  <thead>\n",
       "    <tr style=\"text-align: right;\">\n",
       "      <th></th>\n",
       "      <th>addrcode</th>\n",
       "      <th>bin</th>\n",
       "      <th>bowl</th>\n",
       "      <th>bucket</th>\n",
       "      <th>misc_short</th>\n",
       "      <th>jar</th>\n",
       "      <th>pottedplant</th>\n",
       "      <th>tire</th>\n",
       "      <th>misc_tall</th>\n",
       "    </tr>\n",
       "  </thead>\n",
       "  <tbody>\n",
       "    <tr>\n",
       "      <th>addrcode</th>\n",
       "      <td>1.000000</td>\n",
       "      <td>0.411278</td>\n",
       "      <td>0.424519</td>\n",
       "      <td>0.486065</td>\n",
       "      <td>0.370743</td>\n",
       "      <td>0.014539</td>\n",
       "      <td>0.335575</td>\n",
       "      <td>0.179970</td>\n",
       "      <td>0.143708</td>\n",
       "    </tr>\n",
       "    <tr>\n",
       "      <th>bin</th>\n",
       "      <td>0.411278</td>\n",
       "      <td>1.000000</td>\n",
       "      <td>0.425952</td>\n",
       "      <td>0.728274</td>\n",
       "      <td>0.707706</td>\n",
       "      <td>0.800388</td>\n",
       "      <td>0.857390</td>\n",
       "      <td>0.799592</td>\n",
       "      <td>0.390786</td>\n",
       "    </tr>\n",
       "    <tr>\n",
       "      <th>bowl</th>\n",
       "      <td>0.424519</td>\n",
       "      <td>0.425952</td>\n",
       "      <td>1.000000</td>\n",
       "      <td>0.834759</td>\n",
       "      <td>0.820364</td>\n",
       "      <td>0.115049</td>\n",
       "      <td>0.728435</td>\n",
       "      <td>0.740863</td>\n",
       "      <td>0.548808</td>\n",
       "    </tr>\n",
       "    <tr>\n",
       "      <th>bucket</th>\n",
       "      <td>0.486065</td>\n",
       "      <td>0.728274</td>\n",
       "      <td>0.834759</td>\n",
       "      <td>1.000000</td>\n",
       "      <td>0.973264</td>\n",
       "      <td>0.450189</td>\n",
       "      <td>0.912749</td>\n",
       "      <td>0.856033</td>\n",
       "      <td>0.340601</td>\n",
       "    </tr>\n",
       "    <tr>\n",
       "      <th>misc_short</th>\n",
       "      <td>0.370743</td>\n",
       "      <td>0.707706</td>\n",
       "      <td>0.820364</td>\n",
       "      <td>0.973264</td>\n",
       "      <td>1.000000</td>\n",
       "      <td>0.403045</td>\n",
       "      <td>0.867127</td>\n",
       "      <td>0.837569</td>\n",
       "      <td>0.323635</td>\n",
       "    </tr>\n",
       "    <tr>\n",
       "      <th>jar</th>\n",
       "      <td>0.014539</td>\n",
       "      <td>0.800388</td>\n",
       "      <td>0.115049</td>\n",
       "      <td>0.450189</td>\n",
       "      <td>0.403045</td>\n",
       "      <td>1.000000</td>\n",
       "      <td>0.723238</td>\n",
       "      <td>0.679302</td>\n",
       "      <td>0.465031</td>\n",
       "    </tr>\n",
       "    <tr>\n",
       "      <th>pottedplant</th>\n",
       "      <td>0.335575</td>\n",
       "      <td>0.857390</td>\n",
       "      <td>0.728435</td>\n",
       "      <td>0.912749</td>\n",
       "      <td>0.867127</td>\n",
       "      <td>0.723238</td>\n",
       "      <td>1.000000</td>\n",
       "      <td>0.944425</td>\n",
       "      <td>0.512537</td>\n",
       "    </tr>\n",
       "    <tr>\n",
       "      <th>tire</th>\n",
       "      <td>0.179970</td>\n",
       "      <td>0.799592</td>\n",
       "      <td>0.740863</td>\n",
       "      <td>0.856033</td>\n",
       "      <td>0.837569</td>\n",
       "      <td>0.679302</td>\n",
       "      <td>0.944425</td>\n",
       "      <td>1.000000</td>\n",
       "      <td>0.518007</td>\n",
       "    </tr>\n",
       "    <tr>\n",
       "      <th>misc_tall</th>\n",
       "      <td>0.143708</td>\n",
       "      <td>0.390786</td>\n",
       "      <td>0.548808</td>\n",
       "      <td>0.340601</td>\n",
       "      <td>0.323635</td>\n",
       "      <td>0.465031</td>\n",
       "      <td>0.512537</td>\n",
       "      <td>0.518007</td>\n",
       "      <td>1.000000</td>\n",
       "    </tr>\n",
       "  </tbody>\n",
       "</table>\n",
       "</div>"
      ],
      "text/plain": [
       "             addrcode       bin      bowl    bucket  misc_short       jar  \\\n",
       "addrcode     1.000000  0.411278  0.424519  0.486065    0.370743  0.014539   \n",
       "bin          0.411278  1.000000  0.425952  0.728274    0.707706  0.800388   \n",
       "bowl         0.424519  0.425952  1.000000  0.834759    0.820364  0.115049   \n",
       "bucket       0.486065  0.728274  0.834759  1.000000    0.973264  0.450189   \n",
       "misc_short   0.370743  0.707706  0.820364  0.973264    1.000000  0.403045   \n",
       "jar          0.014539  0.800388  0.115049  0.450189    0.403045  1.000000   \n",
       "pottedplant  0.335575  0.857390  0.728435  0.912749    0.867127  0.723238   \n",
       "tire         0.179970  0.799592  0.740863  0.856033    0.837569  0.679302   \n",
       "misc_tall    0.143708  0.390786  0.548808  0.340601    0.323635  0.465031   \n",
       "\n",
       "             pottedplant      tire  misc_tall  \n",
       "addrcode        0.335575  0.179970   0.143708  \n",
       "bin             0.857390  0.799592   0.390786  \n",
       "bowl            0.728435  0.740863   0.548808  \n",
       "bucket          0.912749  0.856033   0.340601  \n",
       "misc_short      0.867127  0.837569   0.323635  \n",
       "jar             0.723238  0.679302   0.465031  \n",
       "pottedplant     1.000000  0.944425   0.512537  \n",
       "tire            0.944425  1.000000   0.518007  \n",
       "misc_tall       0.512537  0.518007   1.000000  "
      ]
     },
     "execution_count": 16,
     "metadata": {},
     "output_type": "execute_result"
    }
   ],
   "source": [
    "corr"
   ]
  },
  {
   "cell_type": "code",
   "execution_count": null,
   "metadata": {},
   "outputs": [],
   "source": []
  }
 ],
 "metadata": {
  "kernelspec": {
   "display_name": "Python 3",
   "language": "python",
   "name": "python3"
  },
  "language_info": {
   "codemirror_mode": {
    "name": "ipython",
    "version": 3
   },
   "file_extension": ".py",
   "mimetype": "text/x-python",
   "name": "python",
   "nbconvert_exporter": "python",
   "pygments_lexer": "ipython3",
   "version": "3.6.5"
  }
 },
 "nbformat": 4,
 "nbformat_minor": 2
}
