,addrcode,Week,Year,predicted,actual,different
0,8001,7,2017,0.8197987502914749,0.699668637,0.12013011329147483
1,8001,8,2017,0.5050663608761254,0.559734909,0.05466854812387456
2,8001,9,2017,0.5684310299232282,0.550405994,0.01802503592322824
3,8001,10,2017,0.3994761360479681,0.59705057,0.19757443395203184
4,8001,11,2017,0.4794054510085782,0.522419249,0.043013797991421854
5,8001,12,2017,0.5732705261400303,0.606379485,0.033108958859969784
6,8001,13,2017,0.4534066677046992,0.634366231,0.18095956329530083
7,8001,14,2017,0.5810766776112565,0.615708401,0.03463172338874354
8,8001,15,2017,0.6087358651894398,0.681010807,0.07227494181056027
9,8001,16,2017,0.5562209187359582,0.643695146,0.08747422726404175
10,8001,17,2017,0.6565468655812281,0.643695146,0.012851719581228105
11,8001,18,2017,0.5306058950664856,0.653024061,0.1224181659335144
12,8001,19,2017,0.5717865543951689,0.699668637,0.12788208260483114
13,8001,20,2017,0.5953047260168877,0.708997552,0.11369282598311237
14,8001,21,2017,0.6569005233475979,0.643695146,0.013205377347597858
15,8001,22,2017,0.6580467010161075,0.671681891,0.01363518998389246
16,8001,23,2017,0.5164325536036296,0.606379485,0.08994693139637044
17,8001,24,2017,0.5878225385800598,0.587721655,0.00010088358005988507
18,8001,25,2017,0.5216425259169072,0.59705057,0.07540804408309276
19,8001,26,2017,0.5018409908046779,0.485103588,0.016737402804677948
20,8001,27,2017,0.5242324019018703,0.541077079,0.016844677098129757
21,8001,28,2017,0.3788347351206403,0.541077079,0.1622423438793597
22,8001,29,2017,0.5032730371497528,0.681010807,0.17773776985024725
23,8001,30,2017,0.5032278334506068,0.783628873,0.2804010395493931
24,8001,31,2017,0.6889436926676182,0.727655383,0.038711690332381754
25,8001,32,2017,0.7746084364211739,0.755642128,0.018966308421173972
26,8001,33,2017,0.639035206206717,0.6716818920000001,0.032646685793283
27,8001,34,2017,0.6695305070416949,0.6716818920000001,0.002151384958305136
28,8001,35,2017,0.5445584997550912,0.643695146,0.09913664624490881
29,8001,36,2017,0.600791794996605,0.55973491,0.04105688499660498
30,8001,37,2017,0.5490067940137271,0.513090334,0.03591646001372706
31,8001,38,2017,0.4506650156458568,0.494432504,0.04376748835414318
32,8001,39,2017,0.4004412337249309,0.54107708,0.1406358462750691
33,8001,40,2017,0.4153348901085756,0.550405995,0.13507110489142438
34,8001,41,2017,0.5073367351270055,0.606379486,0.09904275087299452
35,8001,42,2017,0.4930434509172025,0.615708401,0.12266495008279754
36,8001,43,2017,0.5593490119849875,0.615708401,0.05635938901501247
37,8001,44,2017,0.5639436920278471,0.727655382,0.1637116899721529
38,8001,45,2017,0.5357067407027595,0.653024061,0.11731732029724051
39,8001,46,2017,0.6908783601809872,0.615708401,0.07516995918098723
40,8002,7,2017,0.3773500869700924,0.334269288,0.04308079897009243
41,8002,8,2017,0.3446617649811412,0.200561573,0.1441001919811412
42,8002,9,2017,0.3373814144833718,0.200561573,0.13681984148337178
43,8002,10,2017,0.15346999067498646,0.26741543,0.11394543932501355
44,8002,11,2017,0.2162361284995753,0.200561573,0.015674555499575304
45,8002,12,2017,0.32597034848674245,0.200561573,0.12540877548674245
46,8002,13,2017,0.2081945717354257,0.26741543,0.05922085826457432
47,8002,14,2017,0.2229562497846524,0.200561573,0.0223946767846524
48,8002,15,2017,0.325863889446601,0.26741543,0.05844845944660099
49,8002,16,2017,0.20810936151994935,0.334269288,0.12615992648005064
50,8002,17,2017,0.3176586945991712,0.467977002,0.1503183074008288
51,8002,18,2017,0.3855833613972959,0.467977002,0.0823936406027041
52,8002,19,2017,0.5364544569860523,0.668538575,0.1320841180139477
53,8002,20,2017,0.4775282774080494,0.601684717,0.12415643959195066
54,8002,21,2017,0.7357541273263609,0.401123145,0.3346309823263609
55,8002,22,2017,0.571305442381117,0.401123145,0.170182297381117
56,8002,23,2017,0.2836299255011329,0.334269288,0.05063936249886708
57,8002,24,2017,0.3698713959101258,0.53483086,0.16495946408987422
58,8002,25,2017,0.31234362402347954,0.601684718,0.28934109397652047
59,8002,26,2017,0.6105690748491724,0.601684718,0.008884356849172437
60,8002,27,2017,0.629878027311879,0.53483086,0.09504716731187901
61,8002,28,2017,0.5815201724020183,0.401123145,0.18039702740201824
62,8002,29,2017,0.4821703099144519,0.334269288,0.14790102191445192
63,8002,30,2017,0.3255477578062348,0.401123145,0.07557538719376522
64,8002,31,2017,0.2958582055653147,0.334269288,0.03841108243468527
65,8002,32,2017,0.4300653485542928,0.668538575,0.23847322644570723
66,8002,33,2017,0.3210545729082413,0.735392432,0.41433785909175874
67,8002,34,2017,0.7942551959579921,0.735392432,0.05886276395799206
68,8002,35,2017,0.7643974560092834,0.80224629,0.03784883399071659
69,8002,36,2017,0.7023600831625569,0.467977003,0.23438308016255693
70,8002,37,2017,0.7785663252762247,0.334269288,0.4442970372762247
71,8002,38,2017,0.2960227653249453,0.334269288,0.038246522675054684
72,8002,39,2017,0.2262837922755068,0.334269288,0.1079854957244932
73,8002,40,2017,0.3233926109425332,0.467977003,0.14458439205746682
74,8002,41,2017,0.34290528951001825,0.467977003,0.12507171348998175
75,8002,42,2017,0.5249199682638794,0.53483086,0.009910891736120586
76,8002,43,2017,0.4745718442980845,0.869100147,0.3945283027019155
77,8002,44,2017,0.5508332685913316,0.80224629,0.2514130214086684
78,8002,45,2017,0.9844461796865868,0.935954005,0.04849217468658673
79,8002,46,2017,0.7531413520773965,0.80224629,0.04910493792260351
80,8003,7,2017,0.2534454989576481,0.183562583,0.06988291595764812
81,8003,8,2017,0.164696462224538,0.061187528,0.103508934224538
82,8003,9,2017,0.19917094821886835,0.122375055,0.07679589321886836
83,8003,10,2017,0.03202174041325995,0.183562583,0.15154084258674005
84,8003,11,2017,0.18077185708791876,0.24475011,0.06397825291208123
85,8003,12,2017,0.2593287834543689,0.305937637,0.0466088535456311
86,8003,13,2017,0.311759035939903,0.305937637,0.005821398939903022
87,8003,14,2017,0.36201006190993534,0.856625385,0.4946153230900646
88,8003,15,2017,0.3330173083494603,0.917812913,0.5847956046505397
89,8003,16,2017,1.0810800606332711,1.040187968,0.040892092633271204
90,8003,17,2017,0.9557972671388,1.346125606,0.3903283388612
91,8003,18,2017,1.016340171467556,0.97900044,0.03733973146755598
92,8003,19,2017,1.388019443506514,1.162563023,0.22545642050651415
93,8003,20,2017,0.7536527989096816,1.162563023,0.4089102240903183
94,8003,21,2017,1.1048830395404554,1.101375496,0.00350754354045546
95,8003,22,2017,1.0866710061783804,1.284938078,0.1982670718216195
96,8003,23,2017,0.9666380243035028,1.284938078,0.31830005369649716
97,8003,24,2017,1.2450898962206285,1.346125606,0.10103570977937149
98,8003,25,2017,1.1885841101885668,1.040187968,0.1483961421885669
99,8003,26,2017,1.244908418300506,1.040187968,0.204720450300506
100,8003,27,2017,0.7991027357516902,0.7342503309999999,0.0648524047516903
101,8003,28,2017,0.9111986311264249,0.8566253859999999,0.05457324512642492
102,8003,29,2017,0.532667817379378,1.284938078,0.752270260620622
103,8003,30,2017,0.8195001124748892,1.162563023,0.34306291052511073
104,8003,31,2017,1.4023000668197998,1.223750551,0.17854951581979983
105,8003,32,2017,1.0535023173901914,0.917812913,0.1356894043901914
106,8003,33,2017,1.1272197609178822,0.48950022,0.6377195409178822
107,8003,34,2017,0.6960303988659128,0.305937637,0.3900927618659128
108,8003,35,2017,0.21400283826510424,0.24475011,0.030747271734895748
109,8003,36,2017,0.17228333767224815,0.183562583,0.011279245327751847
110,8003,37,2017,0.20715165187792006,0.183562583,0.02358906887792006
111,8003,38,2017,0.17294305048727635,0.183562583,0.010619532512723656
112,8003,39,2017,0.1997662912459549,0.305937637,0.10617134575404508
113,8003,40,2017,0.20987218303989405,0.48950022,0.27962803696010596
114,8003,41,2017,0.3819163001917062,0.73425033,0.35233402980829376
115,8003,42,2017,0.5830314448491776,0.73425033,0.15121888515082238
116,8003,43,2017,0.8337198460738566,0.795437858,0.03828198807385663
117,8003,44,2017,0.7212652433662553,0.673062803,0.04820244036625532
118,8003,45,2017,0.768604603091251,0.73425033,0.03435427309125105
119,8003,46,2017,0.5770841393785882,0.795437858,0.21835371862141184
120,8004,7,2017,0.2998259105435365,0.303905182,0.0040792714564634736
121,8004,8,2017,0.3128018818671082,0.455857773,0.1430558911328918
122,8004,9,2017,0.2965724824705862,0.531834068,0.23526158552941379
123,8004,10,2017,0.4710754895584534,0.455857773,0.015217716558453387
124,8004,11,2017,0.5566354877361768,0.417869625,0.13876586273617675
125,8004,12,2017,0.4134189938759704,0.265917034,0.14750195987597042
126,8004,13,2017,0.3800143824085555,0.189940739,0.1900736434085555
127,8004,14,2017,0.19018823720492573,0.227928886,0.03774064879507427
128,8004,15,2017,0.15454846325050334,0.34189333,0.18734486674949666
129,8004,16,2017,0.2529864142417205,0.417869625,0.1648832107582795
130,8004,17,2017,0.4046017822011371,0.645798511,0.2411967287988629
131,8004,18,2017,0.43507330693773405,0.6837866579999999,0.24871335106226589
132,8004,19,2017,0.7137305483358874,0.6837866579999999,0.029943890335887513
133,8004,20,2017,0.6827107795787039,0.6837866579999999,0.0010758784212960837
134,8004,21,2017,0.6353939338848867,0.4558577720000001,0.17953616188488664
135,8004,22,2017,0.6377435146526237,0.4558577720000001,0.18188574265262358
136,8004,23,2017,0.29377243198841885,0.341893329,0.048120897011581176
137,8004,24,2017,0.3898979797270954,0.417869625,0.027971645272904633
138,8004,25,2017,0.2741000746189118,0.4558577720000001,0.18175769738108832
139,8004,26,2017,0.41702010408122,0.569822216,0.15280211191878007
140,8004,27,2017,0.4490376670486115,0.645798511,0.1967608439513885
141,8004,28,2017,0.5917362328370158,0.531834068,0.059902164837015826
142,8004,29,2017,0.6502405400052588,0.645798511,0.004442029005258807
143,8004,30,2017,0.4541879807772315,0.645798511,0.19161053022276847
144,8004,31,2017,0.6442548170877636,0.683786659,0.039531841912236465
145,8004,32,2017,0.6112376070870558,0.83573925,0.22450164291294428
146,8004,33,2017,0.6522721181260138,0.8357392490000001,0.18346713087398625
147,8004,34,2017,0.8421172192359606,0.911715545,0.06959832576403935
148,8004,35,2017,0.7795368961468395,1.101656283,0.32211938685316055
149,8004,36,2017,0.8718319745152401,1.025679988,0.15384801348475996
150,8004,37,2017,1.0862520900052934,0.873727397,0.21252469300529342
151,8004,38,2017,0.9000983866225596,0.759762954,0.14033543262255954
152,8004,39,2017,0.6830982715312921,0.417869625,0.2652286465312921
153,8004,40,2017,0.606879982383039,0.379881477,0.22699850538303895
154,8004,41,2017,0.2090737003855032,0.4558577720000001,0.24678407161449692
155,8004,42,2017,0.2872326771474069,0.341893329,0.05466065185259311
156,8004,43,2017,0.4566554067940916,0.341893329,0.11476207779409159
157,8004,44,2017,0.2862035090426568,0.341893329,0.055689819957343234
158,8004,45,2017,0.32142929000422715,0.227928886,0.09350040400422716
159,8004,46,2017,0.3234600195624103,0.227928886,0.09553113356241028
160,8005,7,2017,1.2835745595343488,0.945602091,0.3379724685343488
161,8005,8,2017,1.3753079169460147,0.945602091,0.4297058259460147
162,8005,9,2017,0.6673221515501927,0.343855306,0.32346684555019267
163,8005,10,2017,0.8057423747733834,0.171927653,0.6338147217733834
164,8005,11,2017,0.046079313467232035,0.25789148,0.21181216653276796
165,8005,12,2017,0.04151880375104315,0.25789148,0.21637267624895684
166,8005,13,2017,0.3048753506476938,0.25789148,0.04698387064769377
167,8005,14,2017,0.2934936654685293,0.4298191320000001,0.13632546653147082
168,8005,15,2017,0.28380555824936193,0.601746785,0.3179412267506381
169,8005,16,2017,0.5193953418364459,0.773674438,0.25427909616355415
170,8005,17,2017,0.6903092348560392,1.461385049,0.7710758141439608
171,8005,18,2017,0.8272503435231218,1.461385049,0.6341347054768782
172,8005,19,2017,1.6866060095080468,1.461385049,0.22522096050804685
173,8005,20,2017,1.406879448933199,1.375421223,0.031458225933199024
174,8005,21,2017,1.3166894879822435,0.687710612,0.6289788759822434
175,8005,22,2017,1.2016063353982145,0.5157829589999999,0.6858233763982146
176,8005,23,2017,0.273910047470515,0.5157829589999999,0.24187291152948492
177,8005,24,2017,0.3145238091765691,0.601746785,0.2872229758234309
178,8005,25,2017,0.4778330757094509,0.687710611,0.2098775352905491
179,8005,26,2017,0.6180247793597087,0.8596382640000001,0.24161348464029142
180,8005,27,2017,0.6997554874646722,0.945602091,0.24584660353532783
181,8005,28,2017,0.8943103261906505,0.773674438,0.12063588819065052
182,8005,29,2017,0.9379167974980752,0.687710612,0.25020618549807516
183,8005,30,2017,0.6471671610761688,0.601746785,0.04542037607616878
184,8005,31,2017,0.5848368163567779,0.4298191320000001,0.15501768435677776
185,8005,32,2017,0.520691317203315,0.8596382640000001,0.33894694679668513
186,8005,33,2017,0.3297388724125052,0.8596382640000001,0.5298993915874949
187,8005,34,2017,0.9946820492008254,1.031565917,0.03688386779917463
188,8005,35,2017,0.8540610641193215,0.945602091,0.09154102688067856
189,8005,36,2017,1.0373126704933755,0.5157829589999999,0.5215297114933756
190,8005,37,2017,0.8460741420838275,0.8596382640000001,0.013564121916172622
191,8005,38,2017,0.265333204040001,0.5157829589999999,0.25044975495999894
192,8005,39,2017,0.911265273918891,0.4298191320000001,0.4814461419188909
193,8005,40,2017,0.36755147443111663,0.5157829589999999,0.1482314845688833
194,8005,41,2017,0.33794159172298105,0.08596382699999999,0.25197776472298106
195,8005,42,2017,0.5291109234532947,0.171927653,0.3571832704532947
196,8005,43,2017,-0.08141597116964477,0.4298191320000001,0.5112351031696449
197,8005,44,2017,0.19241038734816468,0.5157829589999999,0.32337257165183525
198,8005,45,2017,0.5720100592730448,0.601746785,0.029736725726955182
199,8005,46,2017,0.5754860018548057,0.5157829589999999,0.059703042854805766
200,8006,7,2017,0.5592494374672281,0.590751199,0.031501761532771844
201,8006,8,2017,0.5612979776009732,0.41352584,0.14777213760097324
202,8006,9,2017,0.5455256204083846,0.35445072,0.1910749004083846
203,8006,10,2017,0.2936075278146993,0.35445072,0.06084319218530071
204,8006,11,2017,0.2995986827403263,0.413525839,0.1139271562596737
205,8006,12,2017,0.3478231735735985,0.472600959,0.1247777854264015
206,8006,13,2017,0.4359964187597414,0.354450719,0.08154569975974135
207,8006,14,2017,0.4864762177053384,0.413525839,0.07295037870533838
208,8006,15,2017,0.3013877417808951,0.35445072,0.053062978219104884
209,8006,16,2017,0.4181636969841138,0.23630048,0.1818632169841138
210,8006,17,2017,0.33080715740421196,0.35445072,0.023643562595788037
211,8006,18,2017,0.17507105008314885,0.2953756,0.12030454991685116
212,8006,19,2017,0.39414204358697696,0.2953756,0.09876644358697695
213,8006,20,2017,0.28513769582946513,0.354450719,0.0693130231705349
214,8006,21,2017,0.2921871189479886,0.35445072,0.0622636010520114
215,8006,22,2017,0.3857486667068166,0.23630048,0.14944818670681662
216,8006,23,2017,0.3451813114696736,0.17722536,0.16795595146967363
217,8006,24,2017,0.17440920677075322,0.2953756,0.1209663932292468
218,8006,25,2017,0.1462843380233954,0.23630048,0.0900161419766046
219,8006,26,2017,0.3433524248020596,0.2953756,0.04797682480205956
220,8006,27,2017,0.22091310537747647,0.2953756,0.07446249462252355
221,8006,28,2017,0.3126171003447009,0.11815024,0.1944668603447009
222,8006,29,2017,0.30743531802715696,0.05907512,0.24836019802715695
223,8006,30,2017,0.05839056324406657,0.11815024,0.05975967675593343
224,8006,31,2017,0.04470707197340768,0.17722536,0.13251828802659232
225,8006,32,2017,0.16895284841429598,0.2953756,0.12642275158570404
226,8006,33,2017,0.2359866270670664,0.2953756,0.059388972932933604
227,8006,34,2017,0.3603185657980645,0.17722536,0.18309320579806448
228,8006,35,2017,0.3097991843936764,0.11815024,0.19164894439367636
229,8006,36,2017,0.1403782659545536,0.11815024,0.0222280259545536
230,8006,37,2017,0.09142481313413864,0.17722536,0.08580054686586136
231,8006,38,2017,0.13339987909216092,0.17722536,0.04382548090783908
232,8006,39,2017,0.2089501041831146,0.17722536,0.031724744183114606
233,8006,40,2017,0.1897244779995142,0.11815024,0.07157423799951419
234,8006,41,2017,0.19201749270252286,0.11815024,0.07386725270252285
235,8006,42,2017,0.10853747851975627,0.11815024,0.009612761480243731
236,8006,43,2017,0.12845959881821886,0.17722536,0.048765761181781137
237,8006,44,2017,0.14395449791712112,0.17722536,0.03327086208287888
238,8006,45,2017,0.22374711017072896,0.17722536,0.04652175017072896
239,8006,46,2017,0.19484882706942647,0.23630048,0.04145165293057354
240,8007,7,2017,0.18414223064517649,0.144768082,0.03937414864517649
241,8007,8,2017,0.21743171787024676,0.115814465,0.10161725287024675
242,8007,9,2017,0.11298593767469008,0.173721698,0.06073576032530993
243,8007,10,2017,0.09125062809548116,0.115814465,0.02456383690451884
244,8007,11,2017,0.21593276692491534,0.086860849,0.12907191792491535
245,8007,12,2017,0.12638698022102487,0.086860849,0.03952613122102487
246,8007,13,2017,0.10007471221278763,0.086860849,0.013213863212787627
247,8007,14,2017,0.10968226459824662,0.057907233,0.05177503159824662
248,8007,15,2017,0.12143344072346128,0.086860849,0.03457259172346128
249,8007,16,2017,0.07934292483328699,0.144768081,0.065425156166713
250,8007,17,2017,0.13035743455486246,0.115814465,0.01454296955486245
251,8007,18,2017,0.20037345387624905,0.144768081,0.05560537287624906
252,8007,19,2017,0.13056138542880394,0.173721698,0.04316031257119607
253,8007,20,2017,0.17746410622119893,0.144768081,0.03269602522119894
254,8007,21,2017,0.2118909124972169,0.202675314,0.009215598497216898
255,8007,22,2017,0.16123347624849152,0.318489779,0.15725630275150845
256,8007,23,2017,0.2291779157519674,0.289536163,0.060358247248032626
257,8007,24,2017,0.3647039137480238,0.260582547,0.1041213667480238
258,8007,25,2017,0.2848406353118632,0.289536163,0.0046955276881368024
259,8007,26,2017,0.2309269167644092,0.173721698,0.057205218764409205
260,8007,27,2017,0.2848519287868718,0.173721698,0.11113023078687181
261,8007,28,2017,0.12470971520548955,0.260582547,0.13587283179451043
262,8007,29,2017,0.17556801538594832,0.231628931,0.05606091561405169
263,8007,30,2017,0.3123391436724664,0.202675314,0.1096638296724664
264,8007,31,2017,0.23722165834031164,0.31848978,0.08126812165968836
265,8007,32,2017,0.19076883131628425,0.31848978,0.12772094868371575
266,8007,33,2017,0.3691062901770119,0.31848978,0.05061651017701191
267,8007,34,2017,0.3238264343911361,0.347443396,0.023616961608863896
268,8007,35,2017,0.30493308844291384,0.231628931,0.07330415744291383
269,8007,36,2017,0.3590740146511877,0.144768082,0.21430593265118772
270,8007,37,2017,0.16668346406576207,0.086860849,0.07982261506576206
271,8007,38,2017,0.09185228418790342,0.057907233,0.03394505118790342
272,8007,39,2017,0.05048096733116061,0.115814465,0.06533349766883939
273,8007,40,2017,0.04608260808381753,0.115814465,0.06973185691618247
274,8007,41,2017,0.1621427890113241,0.173721698,0.011578908988675918
275,8007,42,2017,0.13042001232587871,0.31848978,0.18806976767412129
276,8007,43,2017,0.20575309548414492,0.260582547,0.05482945151585508
277,8007,44,2017,0.3936125582234124,0.318489779,0.07512277922341243
278,8007,45,2017,0.2552294095655042,0.289536163,0.034306753434495796
279,8007,46,2017,0.32251828217043,0.202675314,0.11984296817043
280,8008,7,2017,0.24445945967988306,0.178439192,0.06602026767988306
281,8008,8,2017,0.23283877128963376,0.133829394,0.09900937728963377
282,8008,9,2017,0.14942937288074742,0.133829394,0.015599978880747434
283,8008,10,2017,0.11136340687429852,0.133829394,0.02246598712570147
284,8008,11,2017,0.15785283010630138,0.200744091,0.04289126089369863
285,8008,12,2017,0.16573659452715256,0.200744091,0.035007496472847455
286,8008,13,2017,0.2567992332014777,0.223048991,0.03375024220147768
287,8008,14,2017,0.22906818243573415,0.200744092,0.02832409043573414
288,8008,15,2017,0.2534950464628268,0.267658789,0.01416374253717323
289,8008,16,2017,0.2108408836639372,0.289963688,0.07912280433606281
290,8008,17,2017,0.3125995669821211,0.312268587,0.0003309799821211157
291,8008,18,2017,0.30895045230158624,0.379183284,0.07023283169841377
292,8008,19,2017,0.3236931869583051,0.312268587,0.011424599958305137
293,8008,20,2017,0.4071295278008363,0.33457348600000003,0.07255604180083625
294,8008,21,2017,0.28611917309198165,0.289963688,0.0038445149080183483
295,8008,22,2017,0.34067631959887673,0.267658789,0.07301753059887672
296,8008,23,2017,0.25548516843851604,0.200744092,0.05474107643851603
297,8008,24,2017,0.2413264569935728,0.156134293,0.0851921639935728
298,8008,25,2017,0.1814494248093209,0.156134293,0.02531513180932088
299,8008,26,2017,0.14369838798096504,0.111524495,0.03217389298096504
300,8008,27,2017,0.1591877246952474,0.133829394,0.0253583306952474
301,8008,28,2017,0.10909407378389037,0.111524495,0.0024304212161096322
302,8008,29,2017,0.16047021799029393,0.133829394,0.026640823990293938
303,8008,30,2017,0.13038320742529522,0.178439193,0.04805598557470478
304,8008,31,2017,0.17241819382565549,0.178439193,0.00602099917434451
305,8008,32,2017,0.226199749363929,0.24535389,0.019154140636070988
306,8008,33,2017,0.205511038377672,0.24535389,0.03984285162232798
307,8008,34,2017,0.28580616729777897,0.200744092,0.08506207529777896
308,8008,35,2017,0.2591184225719801,0.24535389,0.013764532571980098
309,8008,36,2017,0.19878174521998201,0.200744092,0.0019623467800179983
310,8008,37,2017,0.26359351451157803,0.178439192,0.08515432251157803
311,8008,38,2017,0.19889821884799547,0.24535389,0.046455671152004524
312,8008,39,2017,0.166670810730564,0.200744091,0.03407328026943601
313,8008,40,2017,0.277905207072466,0.22304899,0.05485621707246602
314,8008,41,2017,0.19707755077379416,0.267658789,0.07058123822620585
315,8008,42,2017,0.2342770534145972,0.22304899,0.0112280634145972
316,8008,43,2017,0.2955992792536929,0.24535389,0.0502453892536929
317,8008,44,2017,0.21576340649528325,0.267658789,0.05189538250471676
318,8008,45,2017,0.2526241971250792,0.223048991,0.029575206125079218
319,8008,46,2017,0.27857309009271997,0.223048991,0.055524099092719964
320,8009,7,2017,0.11526476141651645,0.125334486,0.010069724583483541
321,8009,8,2017,0.09774854126685158,0.125334486,0.027585944733148418
322,8009,9,2017,0.13237118778292614,0.18800173,0.055630542217073864
323,8009,10,2017,0.1110273671871192,0.250668973,0.13964160581288082
324,8009,11,2017,0.2309489675981089,0.250668973,0.019720005401891116
325,8009,12,2017,0.3005811199742756,0.250668973,0.049912146974275595
326,8009,13,2017,0.26761618645150664,0.250668973,0.016947213451506626
327,8009,14,2017,0.2527891794119104,0.219335351,0.03345382841191041
328,8009,15,2017,0.25918843410379183,0.282002595,0.02281416089620819
329,8009,16,2017,0.213369919780351,0.34466983799999995,0.13129991821964895
330,8009,17,2017,0.307968144277432,0.376003459,0.06803531472256796
331,8009,18,2017,0.3606599358751053,0.376003459,0.015343523124894676
332,8009,19,2017,0.370953944324222,0.34466983799999995,0.026284106324222067
333,8009,20,2017,0.3641027692707368,0.4230038920000001,0.05890112272926329
334,8009,21,2017,0.31804762161978656,0.485671135,0.16762351338021342
335,8009,22,2017,0.4456016337206089,0.579671999,0.1340703652793911
336,8009,23,2017,0.480122587641844,0.611005621,0.130883033358156
337,8009,24,2017,0.575117258891787,0.5796720000000001,0.004554741108213078
338,8009,25,2017,0.5856814256732252,0.485671135,0.10001029067322526
339,8009,26,2017,0.5066463101419691,0.470004324,0.036641986141969174
340,8009,27,2017,0.3814541129297017,0.501337946,0.11988383307029832
341,8009,28,2017,0.4150769185141772,0.470004324,0.054927405485822756
342,8009,29,2017,0.4811855182128394,0.470004324,0.011181194212839418
343,8009,30,2017,0.43302748112456896,0.438670702,0.005643220875431065
344,8009,31,2017,0.4363823841979471,0.313336216,0.12304616819794711
345,8009,32,2017,0.3954452765464277,0.235002162,0.1604431145464277
346,8009,33,2017,0.2367409582878833,0.219335351,0.01740560728788329
347,8009,34,2017,0.17595504279881194,0.156668108,0.01928693479881194
348,8009,35,2017,0.19749451080174907,0.156668108,0.04082640280174907
349,8009,36,2017,0.14214882717728414,0.20366854,0.06151971282271587
350,8009,37,2017,0.14732785376604646,0.235002162,0.08767430823395353
351,8009,38,2017,0.2243974319291909,0.235002162,0.010604730070809087
352,8009,39,2017,0.2358649791778257,0.34466983799999995,0.10880485882217425
353,8009,40,2017,0.2232851129728929,0.423003891,0.1997187780271071
354,8009,41,2017,0.3905545009594661,0.423003891,0.03244939004053393
355,8009,42,2017,0.4334841549326726,0.5326715670000001,0.09918741206732745
356,8009,43,2017,0.3980694581909307,0.501337946,0.10326848780906933
357,8009,44,2017,0.5435042126729104,0.5326715670000001,0.010832645672910313
358,8009,45,2017,0.4684191883897409,0.548338378,0.07991918961025907
359,8009,46,2017,0.4882918174298917,0.579671999,0.0913801815701083
360,8010,7,2017,0.5360940101649765,0.471058185,0.06503582516497647
361,8010,8,2017,0.6734716582951772,0.565269822,0.10820183629517721
362,8010,9,2017,0.3800213883040551,0.471058185,0.09103679669594494
363,8010,10,2017,0.5633274623059178,0.376846548,0.1864809143059178
364,8010,11,2017,0.4303046490687697,0.376846548,0.05345810106876969
365,8010,12,2017,0.3285789237384557,0.094211637,0.2343672867384557
366,8010,13,2017,0.377027371977428,0.094211637,0.282815734977428
367,8010,14,2017,-0.0004345756102532433,0.094211637,0.09464621261025324
368,8010,15,2017,0.10860624099646753,0.094211637,0.014394603996467525
369,8010,16,2017,0.14508636926655832,0.094211637,0.05087473226655832
370,8010,17,2017,0.14476568939107987,0.188423274,0.043657584608920136
371,8010,18,2017,0.14088763670571547,0.282634911,0.14174727429428452
372,8010,19,2017,0.2714271162614893,0.376846548,0.1054194317385107
373,8010,20,2017,0.3678912107139293,0.376846548,0.00895533728607073
374,8010,21,2017,0.44909748450215603,0.565269822,0.11617233749784395
375,8010,22,2017,0.4022146159517119,0.659481459,0.2572668430482881
376,8010,23,2017,0.6416312496835462,0.565269822,0.07636142768354626
377,8010,24,2017,0.7006232101026078,0.659481459,0.04114175110260776
378,8010,25,2017,0.513336573654906,0.565269822,0.05193324834509394
379,8010,26,2017,0.6631863145701615,0.565269822,0.09791649257016155
380,8010,27,2017,0.5091619539245336,0.659481459,0.15031950507546643
381,8010,28,2017,0.5361936583135171,0.659481459,0.12328780068648293
382,8010,29,2017,0.6788072531787993,0.659481459,0.019325794178799316
383,8010,30,2017,0.6444951681232729,0.376846548,0.2676486201232729
384,8010,31,2017,0.6310583826672858,0.376846548,0.25421183466728575
385,8010,32,2017,0.24258768702806915,0.471058185,0.22847049797193086
386,8010,33,2017,0.3501971705966844,0.282634911,0.06756225959668444
387,8010,34,2017,0.5160062415666948,0.471058185,0.044948056566694816
388,8010,35,2017,0.22070488994390025,0.565269822,0.3445649320560997
389,8010,36,2017,0.5419006978675415,0.659481459,0.11758076113245852
390,8010,37,2017,0.6195658633348629,1.224751281,0.6051854176651372
391,8010,38,2017,0.6880079089787121,1.318962918,0.6309550090212879
392,8010,39,2017,1.4156183125923318,1.224751281,0.19086703159233176
393,8010,40,2017,1.318255900926935,1.130539644,0.18771625692693505
394,8010,41,2017,1.0819329177401302,0.7536930959999999,0.32823982174013033
395,8010,42,2017,0.9699417510590636,0.7536930959999999,0.21624865505906365
396,8010,43,2017,0.503170080498242,0.847904733,0.34473465250175805
397,8010,44,2017,0.6593062338364359,0.7536930959999999,0.09438686216356396
398,8010,45,2017,0.842417377603067,0.659481459,0.18293591860306702
399,8010,46,2017,0.6715362755999714,0.471058185,0.2004780905999714
400,8011,7,2017,0.15009893841423316,0.168259524,0.01816058558576683
401,8011,8,2017,0.12982730627316874,0.134607619,0.004780312726831271
402,8011,9,2017,0.22274533498120289,0.100955714,0.12178962098120288
403,8011,10,2017,0.13123509384013524,0.06730381,0.06393128384013523
404,8011,11,2017,0.11112527454212708,0.033651905,0.07747336954212708
405,8011,12,2017,0.09217325035227128,0.06730381,0.024869440352271274
406,8011,13,2017,0.06326546136202664,0.100955714,0.03769025263797336
407,8011,14,2017,0.12300535763287054,0.134607619,0.011602261367129468
408,8011,15,2017,0.16495059398440912,0.100955714,0.06399487998440911
409,8011,16,2017,0.1932160054548095,0.06730381,0.12591219545480947
410,8011,17,2017,0.12928499025501494,0.100955714,0.02832927625501494
411,8011,18,2017,0.08313736526930594,0.100955714,0.01781834873069406
412,8011,19,2017,0.14365671533154045,0.134607619,0.00904909633154044
413,8011,20,2017,0.14424643420550376,0.168259524,0.024013089794496234
414,8011,21,2017,0.18607840157625974,0.201911428,0.015833026423740265
415,8011,22,2017,0.2227658315242118,0.302867142,0.08010131047578817
416,8011,23,2017,0.2321296616582776,0.302867142,0.07073748034172239
417,8011,24,2017,0.36337500118231775,0.269215238,0.09415976318231772
418,8011,25,2017,0.32349659327487584,0.201911428,0.12158516527487584
419,8011,26,2017,0.2567612258789017,0.100955714,0.1558055118789017
420,8011,27,2017,0.17160610628299966,0.100955714,0.07065039228299966
421,8011,28,2017,0.07474658858140938,0.100955714,0.02620912541859062
422,8011,29,2017,0.12216571503963013,0.100955714,0.021210001039630125
423,8011,30,2017,0.14040637936453676,0.100955714,0.03945066536453676
424,8011,31,2017,0.13754654248734952,0.06730381,0.07024273248734951
425,8011,32,2017,0.1370304966098327,0.100955714,0.03607478260983271
426,8011,33,2017,0.0908642492554971,0.100955714,0.010091464744502898
427,8011,34,2017,0.1482696407433722,0.100955714,0.0473139267433722
428,8011,35,2017,0.14042126842180808,0.134607619,0.005813649421808065
429,8011,36,2017,0.14038297555310628,0.168259524,0.027876548446893717
430,8011,37,2017,0.17143380494839627,0.134607619,0.03682618594839626
431,8011,38,2017,0.20755597144260984,0.100955714,0.10660025744260984
432,8011,39,2017,0.14274750170668388,0.235563333,0.09281583129331614
433,8011,40,2017,0.10680150435238507,0.201911428,0.09510992364761493
434,8011,41,2017,0.31806293847132106,0.269215238,0.04884770047132103
435,8011,42,2017,0.2051249135839548,0.269215238,0.06409032441604523
436,8011,43,2017,0.3048181270646818,0.168259524,0.13655860306468182
437,8011,44,2017,0.2822012242087941,0.168259524,0.11394170020879413
438,8011,45,2017,0.1464836888829371,0.134607619,0.011876069882937101
439,8011,46,2017,0.1677986126181689,0.168259524,0.0004609113818311028
440,8012,7,2017,0.5513803236192578,0.82252703,0.27114670638074223
441,8012,8,2017,0.6651374811542422,0.623986023,0.04115145815424226
442,8012,9,2017,0.781356970811319,0.623986023,0.1573709478113191
443,8012,10,2017,0.4561767028351714,0.482171018,0.025994315164828585
444,8012,11,2017,0.5403787712339982,0.368719014,0.17165975723399823
445,8012,12,2017,0.3784867463780451,0.368719014,0.009767732378045069
446,8012,13,2017,0.2751568558663584,0.28363001,0.00847315413364158
447,8012,14,2017,0.32454316564352315,0.255267009,0.06927615664352316
448,8012,15,2017,0.2345989564438158,0.17017800600000002,0.06442095044381577
449,8012,16,2017,0.22122270212888348,0.226904008,0.00568130587111651
450,8012,17,2017,0.13214642179900685,0.283630011,0.15148358920099317
451,8012,18,2017,0.21819391829998752,0.397082015,0.1788880967000125
452,8012,19,2017,0.30366606987634553,0.425445016,0.12177894612365447
453,8012,20,2017,0.4345828303655305,0.368719014,0.06586381636553051
454,8012,21,2017,0.422740739275141,0.34035601200000004,0.08238472727514096
455,8012,22,2017,0.3279229450727481,0.226904008,0.10101893707274812
456,8012,23,2017,0.2741282932337476,0.226904008,0.04722428523374761
457,8012,24,2017,0.1411072200515484,0.198541007,0.05743378694845158
458,8012,25,2017,0.2112475988936684,0.113452004,0.0977955948936684
459,8012,26,2017,0.17014698873879644,0.226904008,0.05675701926120355
460,8012,27,2017,0.05612715556443119,0.226904008,0.1707768524355688
461,8012,28,2017,0.2546227069998147,0.28363001,0.02900730300018528
462,8012,29,2017,0.2368272093759817,0.31199301100000004,0.07516580162401834
463,8012,30,2017,0.3053799461194299,0.255267009,0.050112937119429934
464,8012,31,2017,0.3214916859428836,0.255267009,0.06622467694288359
465,8012,32,2017,0.2222533347049538,0.17017800600000002,0.052075328704953766
466,8012,33,2017,0.2386364199979675,0.141815005,0.09682141499796751
467,8012,34,2017,0.11837948539759395,0.113452004,0.004927481397593955
468,8012,35,2017,0.11716241705178805,0.08508900300000001,0.03207341405178804
469,8012,36,2017,0.11245973733292758,0.141815005,0.029355267667072416
470,8012,37,2017,0.060942508820047224,0.141815005,0.08087249617995276
471,8012,38,2017,0.16422345405716093,0.08508900300000001,0.07913445105716092
472,8012,39,2017,0.12108155261050703,0.113452004,0.007629548610507034
473,8012,40,2017,0.04221406388569774,0.113452004,0.07123794011430226
474,8012,41,2017,0.1285028382536183,0.368719013,0.24021617474638168
475,8012,42,2017,0.11478807416767906,0.453808016,0.3390199418323209
476,8012,43,2017,0.4609029075210614,0.510534019,0.04963111147893856
477,8012,44,2017,0.4892937857919806,0.453808017,0.035485768791980565
478,8012,45,2017,0.4992397149804279,0.226904008,0.2723357069804279
479,8012,46,2017,0.3763521125888066,0.17017800600000002,0.20617410658880655
480,8013,7,2017,0.13486158182557192,0.119615318,0.015246263825571926
481,8013,8,2017,0.17422810115013398,0.15948709,0.014741011150133987
482,8013,9,2017,0.1571221628914372,0.119615318,0.03750684489143721
483,8013,10,2017,0.2036411996725221,0.119615318,0.08402588167252209
484,8013,11,2017,0.1450489347845715,0.119615318,0.02543361678457151
485,8013,12,2017,0.15867108850303513,0.15948709,0.0008160014969648688
486,8013,13,2017,0.1635092790737048,0.15948709,0.004022189073704802
487,8013,14,2017,0.21588947759589186,0.15948709,0.05640238759589186
488,8013,15,2017,0.20295959900992736,0.239230634,0.03627103499007264
489,8013,16,2017,0.19684801584907094,0.199358862,0.002510846150929058
490,8013,17,2017,0.3074760982071923,0.318974179,0.01149808079280773
491,8013,18,2017,0.21732256269316014,0.31897418,0.10165161730683986
492,8013,19,2017,0.3875123204154185,0.239230635,0.1482816854154185
493,8013,20,2017,0.3481153386197821,0.279102407,0.06901293161978211
494,8013,21,2017,0.2231623255156872,0.15948709,0.06367523551568721
495,8013,22,2017,0.3110530784894033,0.199358862,0.11169421648940328
496,8013,23,2017,0.13311837529397344,0.199358862,0.06624048670602656
497,8013,24,2017,0.2288353790423071,0.119615317,0.10922006204230711
498,8013,25,2017,0.23263945425781654,0.358845952,0.12620649774218348
499,8013,26,2017,0.11411703568805324,0.358845952,0.24472891631194676
500,8013,27,2017,0.4732921445790437,0.358845952,0.1144461925790437
501,8013,28,2017,0.3963662197761996,0.398717724,0.0023515042238003714
502,8013,29,2017,0.366909501186948,0.239230634,0.127678867186948
503,8013,30,2017,0.4215853353028778,0.15948709,0.2620982453028778
504,8013,31,2017,0.18765749597005044,0.15948709,0.02817040597005044
505,8013,32,2017,0.13311022521626453,0.15948709,0.026376864783735465
506,8013,33,2017,0.18449063322759485,0.079743545,0.10474708822759485
507,8013,34,2017,0.1930321313071382,0.079743545,0.1132885863071382
508,8013,35,2017,0.07840436871073984,0.079743545,0.001339176289260155
509,8013,36,2017,0.11766290573148405,0.119615317,0.0019524112685159467
510,8013,37,2017,0.12206852093501395,0.15948709,0.03741856906498604
511,8013,38,2017,0.1787483169334953,0.239230634,0.0604823170665047
512,8013,39,2017,0.21360448755865769,0.239230634,0.025626146441342312
513,8013,40,2017,0.3041229011609702,0.199358862,0.10476403916097018
514,8013,41,2017,0.2748209583180792,0.199358862,0.07546209631807918
515,8013,42,2017,0.2026669760835212,0.15948709,0.04317988608352119
516,8013,43,2017,0.21970688643513406,0.15948709,0.06021979643513406
517,8013,44,2017,0.17361046849901846,0.119615318,0.05399515049901846
518,8013,45,2017,0.19004363602851432,0.079743545,0.11030009102851432
519,8013,46,2017,0.13409396448961594,0.039871773,0.09422219148961594
520,8014,7,2017,0.20311974290489754,0.08547398199999999,0.11764576090489755
521,8014,8,2017,0.113669843415301,0.142456636,0.028786792584699003
522,8014,9,2017,0.07551252310260312,0.142456636,0.06694411289739688
523,8014,10,2017,0.179193152705881,0.142456636,0.03673651670588099
524,8014,11,2017,0.18174737191072327,0.113965309,0.06778206291072326
525,8014,12,2017,0.17716959258894055,0.113965309,0.06320428358894055
526,8014,13,2017,0.13598205954232725,0.113965309,0.022016750542327254
527,8014,14,2017,0.14536400910193628,0.142456636,0.0029073731019362836
528,8014,15,2017,0.1505839911637928,0.142456636,0.008127355163792815
529,8014,16,2017,0.1843152931935833,0.113965309,0.0703499841935833
530,8014,17,2017,0.17917058817703946,0.142456636,0.03671395217703946
531,8014,18,2017,0.12462717039015793,0.08547398199999999,0.03915318839015794
532,8014,19,2017,0.17642461305016827,0.08547398199999999,0.09095063105016828
533,8014,20,2017,0.0939861253048376,0.08547398199999999,0.008512143304837613
534,8014,21,2017,0.1140595209627572,0.028491327,0.08556819396275721
535,8014,22,2017,0.12722014744633509,0.142456636,0.015236488553664912
536,8014,23,2017,0.02158104079649055,0.17094796399999998,0.14936692320350942
537,8014,24,2017,0.20730369792130374,0.199439291,0.007864406921303746
538,8014,25,2017,0.22122620788916608,0.227930618,0.006704410110833919
539,8014,26,2017,0.23601681349705636,0.113965309,0.12205150449705636
540,8014,27,2017,0.2506618166592608,0.17094796399999998,0.07971385265926081
541,8014,28,2017,0.08098767066412038,0.142456636,0.061468965335879616
542,8014,29,2017,0.20169185160212627,0.142456636,0.05923521560212627
543,8014,30,2017,0.1612891022099367,0.256421945,0.09513284279006329
544,8014,31,2017,0.17114770648223682,0.227930618,0.056782911517763185
545,8014,32,2017,0.32536633146501714,0.256421945,0.06894438646501716
546,8014,33,2017,0.2448576765964851,0.256421945,0.011564268403514877
547,8014,34,2017,0.2745835803326275,0.17094796399999998,0.1036356163326275
548,8014,35,2017,0.2717884337542043,0.113965309,0.1578231247542043
549,8014,36,2017,0.15372125260551614,0.113965309,0.03975594360551614
550,8014,37,2017,0.09543256939913976,0.08547398199999999,0.009958587399139768
551,8014,38,2017,0.13468045777807802,0.056982655,0.07769780277807803
552,8014,39,2017,0.09268065886149272,0.056982655,0.03569800386149272
553,8014,40,2017,0.07141247222692816,0.0,0.07141247222692816
554,8014,41,2017,0.08749442722204855,0.028491327,0.05900310022204855
555,8014,42,2017,0.011357897440491607,0.056982655,0.04562475755950839
556,8014,43,2017,0.07421191522348977,0.08547398199999999,0.011262066776510218
557,8014,44,2017,0.11230199336609822,0.08547398199999999,0.026828011366098234
558,8014,45,2017,0.1296247858537044,0.08547398199999999,0.044150803853704415
559,8014,46,2017,0.11624837193344895,0.056982655,0.059265716933448946
560,8015,7,2017,0.20458971973068574,0.20469153,0.00010181026931427306
561,8015,8,2017,0.08341284645621681,0.20469153,0.1212786835437832
562,8015,9,2017,0.2805611611938149,0.307037295,0.026476133806185076
563,8015,10,2017,0.2552303627768403,0.40938306,0.15415269722315972
564,8015,11,2017,0.3843429748240736,0.40938306,0.02504008517592643
565,8015,12,2017,0.4864063964935287,0.307037295,0.1793691014935287
566,8015,13,2017,0.433556255597173,0.307037295,0.126518960597173
567,8015,14,2017,0.2790761338584085,0.511728825,0.23265269114159154
568,8015,15,2017,0.3182688455366355,0.921111885,0.6028430394633645
569,8015,16,2017,0.6125374257950305,1.02345765,0.41092022420496965
570,8015,17,2017,1.098019359209645,0.921111885,0.17690747420964503
571,8015,18,2017,1.0542741251997456,1.02345765,0.030816475199745508
572,8015,19,2017,0.8190727910994108,0.61407459,0.2049982010994108
573,8015,20,2017,0.9858566887509936,0.511728825,0.4741278637509936
574,8015,21,2017,0.3979232870128667,0.61407459,0.21615130298713325
575,8015,22,2017,0.4013439847764268,0.20469153,0.1966524547764268
576,8015,23,2017,0.6280258604753679,0.102345765,0.5256800954753679
577,8015,24,2017,0.043442319187672766,0.20469153,0.16124921081232724
578,8015,25,2017,0.0472269643938254,0.20469153,0.1574645656061746
579,8015,26,2017,0.2817629482264068,0.307037295,0.025274346773593193
580,8015,27,2017,0.2528961572941029,0.40938306,0.1564869027058971
581,8015,28,2017,0.380958839255531,0.40938306,0.028424220744469042
582,8015,29,2017,0.4822964137730874,0.40938306,0.07291335377308739
583,8015,30,2017,0.431703903809988,0.511728825,0.08002492119001203
584,8015,31,2017,0.42013842416152025,0.511728825,0.0915904008384798
585,8015,32,2017,0.5596311317938463,0.40938306,0.15024807179384625
586,8015,33,2017,0.5206325834873773,0.61407459,0.09344200651262269
587,8015,34,2017,0.3651084788954225,0.40938306,0.04427458110457755
588,8015,35,2017,0.6875863830634897,0.307037295,0.38054908806348975
589,8015,36,2017,0.3414114277341607,0.307037295,0.034374132734160734
590,8015,37,2017,0.2484932426838393,0.307037295,0.058544052316160694
591,8015,38,2017,0.3162481446816102,0.40938306,0.0931349153183898
592,8015,39,2017,0.3289787239554928,0.40938306,0.0804043360445072
593,8015,40,2017,0.4704331041294504,0.40938306,0.061050044129450365
594,8015,41,2017,0.43063713025883005,0.40938306,0.021254070258830027
595,8015,42,2017,0.4173170613002018,0.307037295,0.11027976630020181
596,8015,43,2017,0.4182502252685484,0.40938306,0.00886716526854836
597,8015,44,2017,0.27794391820360664,0.511728825,0.2337849067963934
598,8015,45,2017,0.4561539893512412,0.61407459,0.1579206006487588
599,8015,46,2017,0.5714789263906508,0.716420355,0.14494142860934922
600,8016,7,2017,0.5747103284411288,0.468413328,0.10629700044112877
601,8016,8,2017,0.3453174428660181,0.468413328,0.1230958851339819
602,8016,9,2017,0.3666429355615509,0.507447772,0.1408048364384491
603,8016,10,2017,0.4219802075934221,0.39034444,0.03163576759342207
604,8016,11,2017,0.5012875039276848,0.429378884,0.07190861992768482
605,8016,12,2017,0.3293729736474101,0.39034444,0.06097146635258993
606,8016,13,2017,0.4218903359020511,0.312275552,0.1096147839020511
607,8016,14,2017,0.3583424248230574,0.273241108,0.08510131682305738
608,8016,15,2017,0.2705775024592325,0.156137776,0.1144397264592325
609,8016,16,2017,0.24944691379426684,0.039034444,0.21041246979426684
610,8016,17,2017,0.11160534273004284,0.039034444,0.07257089873004284
611,8016,18,2017,0.0025907302432283947,0.078068888,0.07547815775677161
612,8016,19,2017,0.05871822857973566,0.117103332,0.058385103420264345
613,8016,20,2017,0.12980759628106964,0.156137776,0.02633017971893037
614,8016,21,2017,0.16970287648533347,0.156137776,0.013565100485333464
615,8016,22,2017,0.20868687492275265,0.312275552,0.10358867707724737
616,8016,23,2017,0.167375791099879,0.351309996,0.18393420490012102
617,8016,24,2017,0.3791491496217382,0.351309996,0.027839153621738166
618,8016,25,2017,0.3855624595964629,0.429378884,0.04381642440353711
619,8016,26,2017,0.3404167726441457,0.19517222,0.1452445526441457
620,8016,27,2017,0.4373042577466722,0.117103332,0.3202009257466722
621,8016,28,2017,0.08641802784252052,0.19517222,0.10875419215747949
622,8016,29,2017,0.07298355290314715,0.156137776,0.08315422309685286
623,8016,30,2017,0.2447723301466649,0.234206664,0.010565666146664904
624,8016,31,2017,0.17172861758124694,0.234206664,0.06247804641875307
625,8016,32,2017,0.278346274699154,0.234206664,0.04413961069915401
626,8016,33,2017,0.2545897578819729,0.19517222,0.059417537881972904
627,8016,34,2017,0.2359065613870686,0.117103332,0.11880322938706858
628,8016,35,2017,0.18613675915593125,0.156137776,0.029998983155931247
629,8016,36,2017,0.10132751239582093,0.078068888,0.023258624395820923
630,8016,37,2017,0.17091254568077335,0.078068888,0.09284365768077335
631,8016,38,2017,0.07117138371423844,0.156137776,0.08496639228576157
632,8016,39,2017,0.0793878571136918,0.351309996,0.27192213888630823
633,8016,40,2017,0.1965271171913401,0.429378884,0.2328517668086599
634,8016,41,2017,0.4491239490395295,0.507447772,0.058323822960470506
635,8016,42,2017,0.4707064499900741,0.468413328,0.0022931219900740873
636,8016,43,2017,0.5193891894791539,0.429378884,0.0900103054791539
637,8016,44,2017,0.4347158586378719,0.468413328,0.03369746936212814
638,8016,45,2017,0.3850149625739847,0.702619992,0.3176050294260153
639,8016,46,2017,0.4490320864659082,0.819723324,0.37069123753409183
640,8017,7,2017,0.4052140658412181,0.106769165,0.2984449008412181
641,8017,8,2017,0.1273068840298691,0.160153748,0.032846863970130924
642,8017,9,2017,0.06550369292500971,0.160153748,0.0946500550749903
643,8017,10,2017,0.20128922257772366,0.21353833,0.012249107422276334
644,8017,11,2017,0.20701652757360675,0.21353833,0.006521802426393247
645,8017,12,2017,0.27455124184725144,0.21353833,0.06101291184725144
646,8017,13,2017,0.2539251844142011,0.266922913,0.012997728585798896
647,8017,14,2017,0.2449832239750538,0.21353833,0.03144489397505379
648,8017,15,2017,0.3202494255920325,0.373692078,0.05344265240796747
649,8017,16,2017,0.22531040802362876,0.320307495,0.09499708697637124
650,8017,17,2017,0.45715386452172796,0.42707666,0.030077204521727963
651,8017,18,2017,0.32837508322578435,0.533845825,0.20547074177421565
652,8017,19,2017,0.4708930937916013,0.266922913,0.20397018079160134
653,8017,20,2017,0.5896623047859649,0.320307495,0.26935480978596493
654,8017,21,2017,0.16627372909772678,0.21353833,0.04726460090227322
655,8017,22,2017,0.33105621525126344,0.106769165,0.22428705025126344
656,8017,23,2017,0.19085917088919754,0.106769165,0.08409000588919754
657,8017,24,2017,0.07886803728635311,0.106769165,0.02790112771364689
658,8017,25,2017,0.13539587899390193,0.106769165,0.02862671399390193
659,8017,26,2017,0.14608097171236645,0.320307495,0.17422652328763355
660,8017,27,2017,0.14339869178367534,0.5872304079999999,0.44383171621632456
661,8017,28,2017,0.4445126109881513,0.533845826,0.08933321501184865
662,8017,29,2017,0.7307603817876858,0.480461243,0.2502991387876858
663,8017,30,2017,0.5294625695921349,0.320307495,0.2091550745921349
664,8017,31,2017,0.4388299732036811,0.053384583,0.3854453902036811
665,8017,32,2017,0.2447677818508337,0.053384583,0.1913831988508337
666,8017,33,2017,-0.05261815088514009,0.053384583,0.10600273388514009
667,8017,34,2017,0.06952731503332721,0.0,0.06952731503332721
668,8017,35,2017,0.10439585994652932,0.053384583,0.05101127694652932
669,8017,36,2017,0.03443382995693587,0.106769165,0.07233533504306414
670,8017,37,2017,0.1202047901405627,0.106769165,0.013435625140562707
671,8017,38,2017,0.18096059264810488,0.160153748,0.020806844648104866
672,8017,39,2017,0.1478564476463231,0.106769165,0.04108728264632311
673,8017,40,2017,0.21876497136816647,0.106769165,0.11199580636816647
674,8017,41,2017,0.13222099011558708,0.106769165,0.02545182511558708
675,8017,42,2017,0.1341260120289025,0.053384583,0.08074142902890251
676,8017,43,2017,0.14613918529875206,0.053384583,0.09275460229875206
677,8017,44,2017,0.06822824692770635,0.053384583,0.01484366392770635
678,8017,45,2017,0.10044568192489353,0.106769165,0.0063234830751064675
679,8017,46,2017,0.09908117846736353,0.21353833,0.11445715153263647
680,8018,7,2017,0.17506222180224112,0.0,0.17506222180224112
681,8018,8,2017,-0.008011290973377036,0.0,0.008011290973377036
682,8018,9,2017,0.0426424815924911,0.0,0.0426424815924911
683,8018,10,2017,0.0498587838323003,0.0,0.0498587838323003
684,8018,11,2017,0.06467883013938558,0.0,0.06467883013938558
685,8018,12,2017,0.06498776941196957,0.0,0.06498776941196957
686,8018,13,2017,0.0650328360696604,0.130303346,0.06527050993033959
687,8018,14,2017,0.06380356958051063,0.390910039,0.32710646941948934
688,8018,15,2017,0.2444401984360444,0.390910039,0.1464698405639556
689,8018,16,2017,0.5528112826562019,0.390910039,0.16190124365620195
690,8018,17,2017,0.4359488354057837,0.260606693,0.17534214240578372
691,8018,18,2017,0.3962135043485121,0.0,0.3962135043485121
692,8018,19,2017,0.21725730677791366,0.0,0.21725730677791366
693,8018,20,2017,-0.08748075145740139,0.130303346,0.21778409745740138
694,8018,21,2017,0.027810118677456568,0.130303346,0.10249322732254341
695,8018,22,2017,0.24387718831100846,0.130303346,0.11357384231100848
696,8018,23,2017,0.18505297308442928,0.130303346,0.05474962708442929
697,8018,24,2017,0.17138367220201367,0.0,0.17138367220201367
698,8018,25,2017,0.1741298552209053,0.130303346,0.04382650922090531
699,8018,26,2017,-0.00759288665575908,0.130303346,0.13789623265575907
700,8018,27,2017,0.21843799979618814,0.130303346,0.08813465379618815
701,8018,28,2017,0.19070903220877108,0.260606693,0.06989766079122892
702,8018,29,2017,0.17386520394935556,0.130303346,0.043561857949355576
703,8018,30,2017,0.3548993086790147,0.130303346,0.22459596267901472
704,8018,31,2017,0.12562450712991907,0.130303346,0.004678838870080915
705,8018,32,2017,0.15745730208330874,0.0,0.15745730208330874
706,8018,33,2017,0.17487001981616285,0.0,0.17487001981616285
707,8018,34,2017,-0.0050603180042503035,0.0,0.0050603180042503035
708,8018,35,2017,0.04505771280764431,0.0,0.04505771280764431
709,8018,36,2017,0.06402929637117741,0.0,0.06402929637117741
710,8018,37,2017,0.05758462333037988,0.0,0.05758462333037988
711,8018,38,2017,0.05873766296091165,0.0,0.05873766296091165
712,8018,39,2017,0.05344661127596287,0.0,0.05344661127596287
713,8018,40,2017,0.0592684850118145,0.0,0.0592684850118145
714,8018,41,2017,0.06245071729728255,0.0,0.06245071729728255
715,8018,42,2017,0.05459310634675151,0.0,0.05459310634675151
716,8018,43,2017,0.05827545459083482,0.0,0.05827545459083482
717,8018,44,2017,0.06221663053925095,0.0,0.06221663053925095
718,8018,45,2017,0.06315064466830282,0.0,0.06315064466830282
719,8018,46,2017,0.056573138928351786,0.260606693,0.20403355407164822
720,8019,7,2017,0.4522160854668346,0.159078617,0.29313746846683464
721,8019,8,2017,0.2300421375156789,0.159078617,0.07096352051567889
722,8019,9,2017,0.07878310434325614,0.079539308,0.0007562036567438646
723,8019,10,2017,0.15628818637786146,0.0,0.15628818637786146
724,8019,11,2017,0.08285457662369543,0.0,0.08285457662369543
725,8019,12,2017,0.00780470887385802,0.0,0.00780470887385802
726,8019,13,2017,0.048229337442304496,0.0,0.048229337442304496
727,8019,14,2017,0.05562510461547904,0.079539308,0.023914203384520966
728,8019,15,2017,0.058320914867075364,0.079539308,0.02121839313292464
729,8019,16,2017,0.16662580107824831,0.079539308,0.08708649307824831
730,8019,17,2017,0.13692261207281786,0.159078617,0.022156004927182144
731,8019,18,2017,0.12270763061225795,0.238617925,0.11591029438774206
732,8019,19,2017,0.2298954651524884,0.318157233,0.08826176784751158
733,8019,20,2017,0.3118230130190023,0.397696542,0.0858735289809977
734,8019,21,2017,0.3814137934793288,0.397696542,0.016282748520671186
735,8019,22,2017,0.4530074409952154,0.556775158,0.1037677170047846
736,8019,23,2017,0.4020694852526022,0.636314467,0.23424498174739783
737,8019,24,2017,0.6109797823603154,0.556775158,0.05420462436031537
738,8019,25,2017,0.6640177445090942,0.556775158,0.10724258650909424
739,8019,26,2017,0.4969482090635346,0.238617925,0.2583302840635346
740,8019,27,2017,0.5161673810709289,0.079539308,0.4366280730709289
741,8019,28,2017,0.0940245711423826,0.079539308,0.014485263142382604
742,8019,29,2017,0.00023672446692776797,0.0,0.00023672446692776797
743,8019,30,2017,0.1022787102474501,0.079539308,0.022739402247450094
744,8019,31,2017,0.014977885977802675,0.238617925,0.22364003902219734
745,8019,32,2017,0.15159229556000814,0.238617925,0.08702562943999187
746,8019,33,2017,0.3529179159313011,0.238617925,0.11429999093130111
747,8019,34,2017,0.27970926821731024,0.238617925,0.04109134321731023
748,8019,35,2017,0.25296708713178523,0.318157233,0.06519014586821475
749,8019,36,2017,0.2633378656461812,0.318157233,0.05481936735381876
750,8019,37,2017,0.3630781391415757,0.318157233,0.044920906141575734
751,8019,38,2017,0.33584732391350186,0.318157233,0.017690090913501877
752,8019,39,2017,0.31889586199072284,0.079539308,0.23935655399072284
753,8019,40,2017,0.3207406471582574,0.079539308,0.2412013391582574
754,8019,41,2017,-0.0007772257441453352,0.238617925,0.23939515074414536
755,8019,42,2017,0.08384327320827588,0.159078617,0.07523534379172413
756,8019,43,2017,0.3360812168284853,0.159078617,0.1770025998284853
757,8019,44,2017,0.17067982195573614,0.159078617,0.011601204955736133
758,8019,45,2017,0.18233405416999648,0.0,0.18233405416999648
759,8019,46,2017,0.18445316917791746,0.079539308,0.10491386117791746
760,8020,7,2017,0.7357078423385276,0.80304699,0.06733914766147242
761,8020,8,2017,0.6587913150994087,0.6309654920000001,0.02782582309940862
762,8020,9,2017,0.8045514358860059,0.573604993,0.23094644288600585
763,8020,10,2017,0.5215460893631125,0.6883259909999999,0.16677990163688738
764,8020,11,2017,0.5018908045509557,0.516244493,0.014353688449044277
765,8020,12,2017,0.7070794412884707,0.458883994,0.24819544728847065
766,8020,13,2017,0.4340783178315452,0.401523495,0.032554822831545205
767,8020,14,2017,0.4031861536378124,0.458883994,0.05569784036218761
768,8020,15,2017,0.3713887781177556,0.458883994,0.0874952158822444
769,8020,16,2017,0.4796150296659517,0.401523495,0.0780915346659517
770,8020,17,2017,0.4660891138660597,0.401523495,0.06456561886605972
771,8020,18,2017,0.3732106663484078,0.172081498,0.20112916834840783
772,8020,19,2017,0.3983328808457663,0.229441997,0.16889088384576628
773,8020,20,2017,0.09129685887292477,0.458883994,0.36758713512707525
774,8020,21,2017,0.2578892164737569,0.6883259909999999,0.430436774526243
775,8020,22,2017,0.5836700196906566,0.74568649,0.1620164703093434
776,8020,23,2017,0.7945240820206796,0.975128487,0.1806044049793204
777,8020,24,2017,0.7574740673965586,0.8604074890000001,0.10293342160344143
778,8020,25,2017,1.0265234433279766,0.975128487,0.05139495632797664
779,8020,26,2017,0.7694823992524848,1.147209985,0.3777275857475151
780,8020,27,2017,0.9399207865219802,0.74568649,0.1942342965219802
781,8020,28,2017,1.1502370108273263,0.8604074890000001,0.28982952182732624
782,8020,29,2017,0.5191320375137036,0.917767988,0.3986359504862964
783,8020,30,2017,0.8080794113593964,1.261930984,0.4538515726406035
784,8020,31,2017,0.8960068020082887,1.54873348,0.6527266779917114
785,8020,32,2017,1.3319348361030023,1.7208149780000002,0.3888801418969978
786,8020,33,2017,1.5868809540658453,1.319291483,0.2675894710658453
787,8020,34,2017,1.6657806331504812,0.917767988,0.7480126451504812
788,8020,35,2017,1.007465902601985,0.975128487,0.032337415601985
789,8020,36,2017,0.5924619972708111,0.6883259909999999,0.09586399372918886
790,8020,37,2017,0.872694579005343,0.917767988,0.04507340899465706
791,8020,38,2017,0.510631576393916,1.089849486,0.5792179096060841
792,8020,39,2017,0.9237400493830562,1.147209985,0.22346993561694373
793,8020,40,2017,1.1123126553745526,1.3766519819999998,0.26433932662544724
794,8020,41,2017,1.0999074917264011,1.3766519819999998,0.2767444902735987
795,8020,42,2017,1.3664027320557812,1.261930983,0.10447174905578116
796,8020,43,2017,1.2694845010552325,1.147209985,0.12227451605523254
797,8020,44,2017,1.0868398490199822,0.917767988,0.16907186101998217
798,8020,45,2017,0.9712653494368984,0.6883259909999999,0.28293935843689844
799,8020,46,2017,0.7127515875914595,0.6309654920000001,0.08178609559145944
800,8021,7,2017,0.1890813688201229,0.149427692,0.03965367682012291
801,8021,8,2017,0.07826177639267741,0.149427692,0.07116591560732259
802,8021,9,2017,0.2126622929769549,0.224141538,0.011479245023045093
803,8021,10,2017,0.1935950519513661,0.224141538,0.030546486048633914
804,8021,11,2017,0.2942563441405805,0.074713846,0.2195424981405805
805,8021,12,2017,0.26672358745916724,0.074713846,0.19200974145916724
806,8021,13,2017,0.0508240402771484,0.074713846,0.023889805722851598
807,8021,14,2017,0.10678529333196916,0.074713846,0.03207144733196916
808,8021,15,2017,0.12773765699677914,0.074713846,0.053023810996779136
809,8021,16,2017,0.12675916684959446,0.37356923,0.24681006315040552
810,8021,17,2017,0.12753062219484168,0.597710768,0.4701801458051583
811,8021,18,2017,0.5326108306408451,0.597710768,0.06509993735915487
812,8021,19,2017,0.7270942777971662,0.971279998,0.2441857202028338
813,8021,20,2017,0.6049068389662532,0.74713846,0.14223162103374676
814,8021,21,2017,1.087920089396848,0.597710768,0.4902093213968479
815,8021,22,2017,0.6411184143341833,0.74713846,0.10602004566581669
816,8021,23,2017,0.4617554723798194,0.597710768,0.1359552956201806
817,8021,24,2017,0.7542131571890164,0.74713846,0.007074697189016432
818,8021,25,2017,0.5171546005914377,0.6724246140000001,0.1552700134085624
819,8021,26,2017,0.7601574474352643,0.6724246140000001,0.08773283343526417
820,8021,27,2017,0.6166301630226069,0.6724246140000001,0.05579445097739322
821,8021,28,2017,0.6267531543913465,0.522996922,0.10375623239134646
822,8021,29,2017,0.6379749655370314,0.448283076,0.18969188953703137
823,8021,30,2017,0.4339650423490691,0.597710768,0.16374572565093093
824,8021,31,2017,0.3905162980597823,0.37356923,0.0169470680597823
825,8021,32,2017,0.643123901050599,0.448283076,0.19484082505059902
826,8021,33,2017,0.2878276869043145,0.597710768,0.3098830810956855
827,8021,34,2017,0.4540046389809066,0.597710768,0.1437061290190934
828,8021,35,2017,0.6605023612020144,0.597710768,0.06279159320201444
829,8021,36,2017,0.5970835798349683,0.448283076,0.1488005038349683
830,8021,37,2017,0.5716633287353478,0.448283076,0.12338025273534775
831,8021,38,2017,0.37022539503462093,0.149427692,0.22079770303462093
832,8021,39,2017,0.4225175938769219,0.149427692,0.2730899018769219
833,8021,40,2017,0.033556016853413265,0.224141538,0.19058552114658672
834,8021,41,2017,0.1481420912811571,0.298855384,0.1507132927188429
835,8021,42,2017,0.2890768798458915,0.298855384,0.009778504154108525
836,8021,43,2017,0.36480790756396986,0.37356923,0.008761322436030117
837,8021,44,2017,0.3270965259636385,0.448283076,0.12118655003636153
838,8021,45,2017,0.4180290239951273,0.298855384,0.11917363999512731
839,8021,46,2017,0.4912077645718009,0.298855384,0.19235238057180087
840,8022,7,2017,0.6540670014432104,0.52567023,0.12839677144321038
841,8022,8,2017,0.5384617930282174,0.700893639,0.16243184597178262
842,8022,9,2017,0.4547401553855914,0.613281935,0.15854177961440852
843,8022,10,2017,0.7328323078203027,0.8761170490000001,0.14328474117969736
844,8022,11,2017,0.5672549328163745,0.963728754,0.3964738211836255
845,8022,12,2017,0.9434670194850197,0.788505344,0.1549616754850196
846,8022,13,2017,0.9752335958762788,0.788505344,0.18672825187627873
847,8022,14,2017,0.6640818479934087,0.438058525,0.22602332299340877
848,8022,15,2017,0.7209847437553597,0.262835115,0.4581496287553597
849,8022,16,2017,0.26176054846479235,0.17522341,0.08653713846479236
850,8022,17,2017,0.15350427579104595,0.087611705,0.06589257079104595
851,8022,18,2017,0.13781842598962268,0.17522341,0.03740498401037731
852,8022,19,2017,0.08009391298920779,0.262835115,0.18274120201079222
853,8022,20,2017,0.24812824837331865,0.438058525,0.18993027662668133
854,8022,21,2017,0.3471584443500649,0.613281935,0.26612349064993507
855,8022,22,2017,0.5443584078095949,0.700893639,0.15653523119040513
856,8022,23,2017,0.6989138387437768,0.700893639,0.001979800256223241
857,8022,24,2017,0.7299353401771275,0.700893639,0.029041701177127455
858,8022,25,2017,0.6782534356041846,0.613281934,0.06497150160418463
859,8022,26,2017,0.6640824567750477,0.52567023,0.13841222677504772
860,8022,27,2017,0.5422225504912929,0.438058525,0.10416402549129289
861,8022,28,2017,0.4584165284472632,0.438058525,0.02035800344726324
862,8022,29,2017,0.3836424759818007,0.438058525,0.0544160490181993
863,8022,30,2017,0.4302286925060064,0.5256702289999999,0.0954415364939935
864,8022,31,2017,0.44109128851762197,0.613281934,0.172190645482378
865,8022,32,2017,0.5601056622996736,0.438058525,0.12204713729967365
866,8022,33,2017,0.6484440705507398,0.262835115,0.3856089555507398
867,8022,34,2017,0.3605387984561638,0.17522341,0.18531538845616383
868,8022,35,2017,0.17428025976182038,0.087611705,0.08666855476182038
869,8022,36,2017,0.14741490379902325,0.262835115,0.11542021120097676
870,8022,37,2017,0.07887285125739417,0.262835115,0.18396226374260582
871,8022,38,2017,0.3654098176393494,0.17522341,0.19018640763934938
872,8022,39,2017,0.3070275131394479,0.17522341,0.13180410313944793
873,8022,40,2017,0.16552750120631893,0.087611705,0.07791579620631893
874,8022,41,2017,0.20176631490085795,0.17522341,0.02654290490085795
875,8022,42,2017,0.08917951173601837,0.262835115,0.17365560326398163
876,8022,43,2017,0.24440090480507545,0.35044682,0.10604591519492454
877,8022,44,2017,0.3457908601423934,0.262835115,0.0829557451423934
878,8022,45,2017,0.4209015201093769,0.262835115,0.15806640510937692
879,8022,46,2017,0.2528669117850744,0.17522341,0.07764350178507443
880,8023,7,2017,0.5219147801970743,0.481850305,0.04006447519707429
881,8023,8,2017,0.7403317552675713,0.321233537,0.4190982182675713
882,8023,9,2017,0.3650952130298412,0.321233537,0.0438616760298412
883,8023,10,2017,0.2110941648739811,0.160616769,0.05047739587398112
884,8023,11,2017,0.3165963076956631,0.240925153,0.0756711546956631
885,8023,12,2017,0.1186865894985365,0.321233537,0.20254694750146351
886,8023,13,2017,0.2898793178989574,0.240925153,0.048954164898957375
887,8023,14,2017,0.3880912276717956,0.321233537,0.06685769067179559
888,8023,15,2017,0.23936587778826346,0.160616769,0.07874910878826347
889,8023,16,2017,0.3683102928811537,0.321233537,0.047076755881153676
890,8023,17,2017,0.12816953315903168,0.481850305,0.3536807718409683
891,8023,18,2017,0.3952054198190007,0.481850305,0.08664488518099928
892,8023,19,2017,0.5791899381136724,0.562158689,0.017031249113672375
893,8023,20,2017,0.497478813397693,0.401541921,0.09593689239769299
894,8023,21,2017,0.5859074942925023,0.321233537,0.2646739572925023
895,8023,22,2017,0.336773930630999,0.240925153,0.09584877763099897
896,8023,23,2017,0.2684083589707278,0.240925153,0.027483205970727786
897,8023,24,2017,0.21054372747161693,0.160616769,0.04992695847161693
898,8023,25,2017,0.2555195889622154,0.160616769,0.09490281996221539
899,8023,26,2017,0.1532912560549886,0.240925153,0.08763389694501139
900,8023,27,2017,0.18309117822996465,0.160616769,0.02247440922996466
901,8023,28,2017,0.3067310023411776,0.160616769,0.14611423334117762
902,8023,29,2017,0.16838711396403966,0.08030838400000001,0.08807872996403965
903,8023,30,2017,0.1893125479329772,0.160616769,0.0286957789329772
904,8023,31,2017,0.08940134218616733,0.160616769,0.07121542681383267
905,8023,32,2017,0.2298256629615791,0.160616769,0.06920889396157912
906,8023,33,2017,0.2095767041149204,0.160616769,0.048959935114920416
907,8023,34,2017,0.1965493597734141,0.0,0.1965493597734141
908,8023,35,2017,0.19533032502948466,0.0,0.19533032502948466
909,8023,36,2017,-0.02082878504504608,0.0,0.02082878504504608
910,8023,37,2017,0.03383227072107338,0.08030838400000001,0.04647611327892663
911,8023,38,2017,0.05465961969962108,0.160616769,0.10595714930037892
912,8023,39,2017,0.16264740625379898,0.240925153,0.07827774674620103
913,8023,40,2017,0.2444329992178403,0.401541921,0.1571089217821597
914,8023,41,2017,0.31866843528727445,0.321233537,0.0025651017127255593
915,8023,42,2017,0.4953896026131003,0.321233537,0.17415606561310026
916,8023,43,2017,0.3130134782644772,0.321233537,0.00822005873552284
917,8023,44,2017,0.32514048244397,0.240925153,0.08421532944396998
918,8023,45,2017,0.3367350231733233,0.240925153,0.09580987017332332
919,8023,46,2017,0.22180013031072865,0.160616769,0.06118336131072866
920,MAE,,,,,0.11913967440555719
